Asteroides y puntos a los que llegan:
(15, 27): 248
(31, 6): 236
(33, 28): 231
(20, 12): 256
(31, 19): 253
(21, 28): 240
(25, 28): 245
(18, 4): 238
(17, 20): 240
(6, 32): 253
(21, 9): 240
(12, 31): 253
(26, 11): 251
(25, 21): 249
(21, 6): 238
(22, 16): 250
(23, 7): 249
(30, 13): 252
(29, 27): 249
(3, 24): 248
(27, 16): 241
(16, 3): 251
(5, 5): 233
(11, 5): 240
(10, 7): 256
(7, 6): 242
(6, 10): 252
(12, 6): 248
(33, 1): 234
(17, 2): 242
(7, 19): 250
(24, 31): 258
(13, 7): 244
(20, 9): 251
(19, 3): 248
(1, 28): 252
(7, 28): 249
(13, 20): 243
(20, 4): 256
(22, 3): 254
(0, 2): 251
(33, 16): 233
(15, 18): 241
(23, 10): 239
(5, 11): 244
(3, 23): 247
(31, 25): 248
(20, 32): 256
(11, 0): 241
(18, 31): 244
(9, 16): 237
(7, 5): 247
(30, 14): 256
(30, 16): 250
(11, 21): 252
(0, 30): 252
(16, 19): 258
(13, 10): 247
(20, 14): 254
(6, 8): 256
(0, 1): 245
(32, 22): 261
(30, 32): 261
(21, 15): 238
(27, 1): 235
(33, 23): 241
(23, 28): 251
(22, 12): 246
(29, 20): 237
(3, 1): 231
(27, 12): 253
(15, 33): 249
(29, 1): 242
(9, 30): 241
(8, 18): 252
(31, 2): 243
(19, 23): 260
(4, 32): 260
(1, 21): 245
(0, 27): 249
(7, 21): 241
(13, 13): 238
(27, 21): 248
(18, 15): 241
(25, 5): 240
(22, 26): 259
(27, 27): 252
(33, 18): 233
(32, 6): 257
(14, 33): 262
(0, 0): 236
(28, 1): 243
(29, 32): 237
(9, 4): 237
(33, 7): 234
(28, 12): 258
(7, 2): 238
(31, 1): 246
(5, 30): 244
(11, 10): 246
(17, 6): 238
(21, 27): 243
(20, 21): 259
(1, 16): 240
(8, 32): 263
(15, 0): 237
(16, 27): 251
(21, 8): 244
(2, 23): 250
(14, 19): 254
(25, 0): 232
(22, 7): 246
(1, 10): 252
(25, 23): 248
(8, 11): 244
(25, 33): 245
(8, 25): 260
(5, 4): 242
(10, 4): 258
(9, 20): 236
(15, 25): 239
(6, 11): 248
(30, 20): 249
(12, 7): 246
(0, 18): 248
(15, 10): 237
(29, 21): 250
(21, 30): 245
(29, 33): 254
(18, 6): 241
(3, 30): 251
(21, 11): 243
(2, 24): 258
(9, 33): 242
(2, 7): 244
(9, 13): 234
(8, 3): 239
(4, 6): 247
(3, 22): 240
(9, 2): 240
(8, 22): 259
(6, 1): 247
(26, 8): 258
(29, 10): 247
(32, 11): 243
(9, 23): 250
(15, 28): 245
(6, 20): 260
(30, 19): 247
(28, 33): 251
(10, 20): 258
(15, 9): 247
(6, 27): 244
(13, 9): 248
(20, 15): 250
(17, 17): 249
(3, 15): 246
(2, 29): 257
(31, 5): 253
(22, 13): 258
(29, 19): 247
(28, 29): 254
(2, 8): 254
(33, 27): 243
(23, 8): 237
(4, 27): 257
(33, 8): 236
(30, 31): 256
(16, 14): 257
(22, 33): 253
(4, 33): 253
(19, 11): 247
(18, 1): 251
(17, 15): 246
(7, 20): 245
(22, 20): 254
(13, 12): 236
(12, 20): 264
(2, 19): 261
(1, 25): 251
(13, 25): 250
(3, 10): 242
(14, 30): 259
(23, 2): 241
(22, 14): 255
(9, 11): 246
(8, 29): 255
(23, 15): 245
(5, 0): 239
(18, 5): 254
(3, 16): 243
(33, 6): 235
(1, 32): 234
(8, 16): 251
(14, 23): 253
(32, 13): 263
(25, 29): 250
(24, 19): 254
(31, 29): 263
(26, 17): 264
(19, 6): 245
(18, 2): 258
(8, 33): 254
(29, 5): 244
(27, 19): 242
(1, 4): 241
(17, 31): 252
(22, 4): 246
(11, 33): 253
(2, 3): 255
(28, 0): 258
(18, 3): 242
(2, 14): 255
(9, 6): 232
(8, 26): 258
(14, 29): 257
(30, 6): 254
(11, 7): 241
(10, 5): 250
(33, 11): 233
(14, 16): 239
(3, 32): 247
(17, 0): 237
(12, 19): 251
(19, 5): 248
(26, 31): 255
(25, 13): 246
(7, 30): 249
(25, 27): 252
(13, 18): 241
(18, 18): 245
(25, 2): 248
(7, 16): 238
(2, 4): 262
(9, 12): 233
(33, 31): 249
(10, 11): 248
(21, 16): 224
(6, 6): 253
(29, 9): 245
(11, 2): 245
(10, 6): 255
(7, 7): 244
(26, 28): 267
(20, 29): 260
(0, 16): 250
(15, 8): 240
(13, 8): 235
(26, 16): 252
(11, 24): 251
(18, 8): 248
(17, 16): 235
(15, 5): 237
(22, 31): 256
(25, 8): 236
(27, 29): 246
(12, 33): 260
(25, 11): 244
(5, 12): 246
(9, 24): 243
(9, 28): 240
(33, 15): 244
(25, 18): 235
(11, 1): 241
(9, 17): 242
(7, 10): 249
(24, 1): 249
(5, 22): 253
(32, 5): 245
(11, 18): 241
(17, 14): 239
(15, 15): 242
(13, 11): 247
(18, 13): 244
(17, 19): 244
(23, 16): 247
(3, 13): 234
(2, 31): 248
(1, 13): 251
(17, 32): 241
(24, 11): 250
(22, 15): 247
(19, 18): 243
(7, 1): 239
(9, 10): 237
(23, 14): 248
(5, 15): 250
(4, 25): 263
(28, 14): 257
(9, 31): 245
(25, 30): 247
(21, 20): 241
(11, 12): 237
(17, 4): 241
(24, 20): 257
(21, 25): 245
(20, 23): 253
(11, 17): 243
(1, 22): 239
(21, 22): 238
(27, 18): 246
(18, 14): 261
(0, 13): 245
(23, 23): 246
(33, 9): 240
(13, 27): 256
(28, 21): 251
(28, 20): 257
(23, 0): 245
(14, 32): 264
(4, 3): 251
(3, 29): 253
(2, 15): 252
(33, 0): 234
(4, 30): 261
(24, 26): 260

Asteroide con mayor numero de puntos: (26, 28) - 267